1 5.33 -72.16 
2 5.33 -73.09 
3 5.33 -73.02 
4 5.34 -72.01 
5 5.34 -72.01 
6 5.35 -72.94 
7 5.35 -73.87 
8 5.36 -72.87 
9 5.37 -72.87 
10 5.38 -73.80 
11 5.39 -73.74 
12 5.40 -72.73 
13 5.41 -72.73 
14 5.42 -73.66 
15 5.43 -73.60 
16 5.44 -72.59 
17 5.46 -72.59 
18 5.47 -73.52 
19 5.48 -73.46 
20 5.50 -72.45 
21 5.51 -72.45 
22 5.52 -73.38 
23 5.54 -73.32 
24 5.55 -72.32 
25 5.57 -72.32 
26 5.58 -73.25 
27 5.59 -73.19 
28 5.61 -72.19 
29 5.63 -72.19 
30 5.65 -73.13 
31 5.67 -73.06 
32 5.68 -72.07 
33 5.70 -72.07 
34 5.71 -73.01 
35 5.73 -72.94 
36 5.74 -72.94 
37 5.76 -72.95 
38 5.77 -73.89 
39 5.78 -73.82 
40 5.80 -72.82 
41 5.81 -72.83 
42 10.81 -71.83 
43 22.81 -67.83 
44 33.81 -64.82 
45 46.81 -58.82 
46 58.82 -53.82 
47 70.82 -47.82 
48 83.82 -40.83 
49 96.81 -34.84 
50 109.81 -29.83 
51 121.81 -23.81 
52 136.81 -16.82 
53 148.81 -10.82 
54 161.82 -5.82 
55 176.82 0.18 
56 189.82 5.19 
57 203.82 11.19 
58 216.81 18.18 
59 229.82 22.18 
60 241.82 27.20 
61 255.82 33.19 
62 266.82 38.19 
63 278.82 44.18 