0 19.35 -55.64 
1 18.35 -55.64 
2 18.36 -56.58 
3 18.37 -56.53 
4 18.37 -55.53 
5 18.37 -55.53 
6 18.38 -56.47 
7 18.39 -56.42 
8 18.39 -55.42 
9 18.39 -55.41 
10 18.41 -56.36 
11 18.42 -56.30 
12 18.42 -55.30 
13 18.43 -55.30 
14 18.44 -56.24 
15 18.45 -56.19 
16 18.46 -55.18 
17 18.47 -55.18 
18 18.49 -56.12 
19 18.50 -56.07 
20 18.51 -55.06 
21 18.52 -55.06 
22 18.53 -56.01 
23 18.55 -55.95 
24 18.56 -55.95 
25 18.57 -55.94 
26 18.59 -56.89 
27 18.61 -56.84 
28 18.62 -55.83 
29 18.63 -55.83 
30 18.65 -56.78 
31 18.67 -56.72 
32 18.68 -55.72 
33 18.70 -55.72 
34 18.72 -56.67 
35 18.74 -56.61 
36 18.75 -55.61 
37 18.76 -55.61 
38 18.78 -56.56 
39 18.80 -56.51 
40 18.81 -55.50 
41 24.82 -53.50 
42 34.82 -48.49 
43 43.82 -44.48 
44 52.82 -39.46 
45 62.81 -33.46 
46 71.80 -26.48 
47 79.80 -20.47 
48 87.80 -13.47 
49 96.80 -7.46 
50 103.80 -0.46 
51 112.81 5.55 
52 120.81 12.53 
53 128.81 17.53 
54 137.80 23.53 
55 144.81 29.53 
56 153.81 34.55 
57 161.80 40.55 
58 169.80 45.56 
59 176.80 51.58 
60 184.80 56.59 
61 191.80 62.56 
62 198.80 67.54
